img0006.nii.gz: 0.7423346296066272
img0007.nii.gz: 0.8452538156803734
img0008.nii.gz: 0.8971383510593585
img0009.nii.gz: 0.6127668364011536
img0010.nii.gz: 0.4245601082810385
img0021.nii.gz: 0.7463225279215473
img0022.nii.gz: 0.8408259607499425
img0023.nii.gz: 0.5475508555482118
img0024.nii.gz: 0.8361778885934621
img0025.nii.gz: 0.5462056652930736
img0026.nii.gz: 0.7754769133173229
img0027.nii.gz: 0.7918844063545151
img0028.nii.gz: 0.6526967667602794
img0029.nii.gz: 0.7020416623484299
img0030.nii.gz: 0.8537184752869389
img0031.nii.gz: 0.8942218318878764
img0032.nii.gz: 0.8051836399266704
img0033.nii.gz: 0.5949924006079513
img0034.nii.gz: 0.7693706014517068
img0035.nii.gz: 0.8263212230063215
img0036.nii.gz: 0.8531120173709513
img0037.nii.gz: 0.8231364544333227
img0038.nii.gz: 0.8502865541785941
img0039.nii.gz: 0.8774697311852735
img0040.nii.gz: 0.6607231238952274
img0001.nii.gz: 0.7347009417657924
img0002.nii.gz: 0.811668743210316
img0003.nii.gz: 0.6017355847835153
img0004.nii.gz: 0.7988275664855591
img0005.nii.gz: 0.7484945839530414
